17106	 65067  25098
17107	 71043  26227
17108	 145570  25121
17109	 65188  29235
17110	 59549  24349
17111	 69225  28013
17112	 77756  31834
17113	 113987  34099
17114	 319985  88376
17115	 206658  50304
17116	 155213  36654
17117	 100688  22802
17118	 85564  18310
17119	 98746  18623
17120	 76915  16723
17121	 66353  13900
17122	 61028  12894
17123	 58763  10750
17124	 47563  8869
17125	 47774  9374
17126	 53802  12386
17127	 59288  19641
17128	 46288  10344
17129	 37440  9687
17130	 38129  9335
17131	 36107  9825
17132	 37924  8963
17133	 46087  9955
17134	 45965  11382
17135	 49339  9568
